collison detection 600000 4 object
0.797992
93.825348
104.796532
59.941616
60.323456
59.969658
59.983688
60.119278
59.730736
59.722881
59.909657
59.228374
59.982609
60.524624
60.530487
59.864822
60.080990
60.191647
59.345421
60.436108
59.920067
59.939823
59.821133
59.981167
60.000237
59.786446
60.077023
60.377361
59.930481
60.201435
59.717896
59.541172
59.840469
59.934437
59.905350
60.123257
59.964981
59.975773
59.959229
60.993462
60.047436
59.969296
59.706844
60.305264
59.999882
59.875217
59.879879
59.253639
60.064030
60.867977
60.368244
59.907501
60.020046
59.783581
60.009964
59.807896
59.257504
60.018250
59.992683
59.728592
60.239147
60.586601
60.238060
60.118195
59.856941
59.988003
60.118912
60.091095
59.755722
60.232254
59.445610
60.031216
60.019329
59.897812
60.033737
60.081352
60.348572
60.103016
59.927250
59.903912
59.914684
59.267338
60.180420
60.067276
59.826859
60.055370
59.866974
60.556515
60.096516
59.899971
60.463875
60.172089
59.991241
60.023651
59.969658
59.792164
59.963902
59.834019
59.594753
59.992321
59.434662
60.313629
60.675564
60.375534
60.053932
59.608253
60.062222
60.124340
59.837242
59.425121
59.858738
59.980804
59.913960
60.070885
60.026890
60.917664
59.691513
59.993763
60.270012
59.950241
60.160149
59.550392
59.762859
60.103378
60.273277
60.232616
59.890282
58.913982
60.866867
60.069439
59.982609
59.990524
60.109516
59.910015
60.037704
60.027252
60.054287
60.123611
60.352581
59.674057
60.222828
59.891716
60.099403
59.924374
60.074848
59.388771
60.552845
60.062222
59.971813
59.853359
60.044556
59.978649
60.066914
60.197445
59.888844
59.884544
59.956711
59.837601
60.402157
59.884544
60.222099
59.637409
59.975410
59.994843
60.040230
60.139164
60.041668
59.964619
60.008522
60.211948
59.839748
59.381714
59.449852
60.042030
60.013920
59.928688
59.927605
60.721619
60.409821
60.056812
59.966419
59.594753
60.471558
59.954918
60.086765
60.013203
59.720032
60.027611
59.944847
59.715755
60.042030
59.706844
60.109516
60.045273
59.883827
60.078461
59.966419
59.779293
59.928688
59.965343
60.090374
60.074848
59.563522
61.250114
60.144588
59.683319
60.133377
60.018967
59.976852
60.129398
60.023651
60.025448
59.811115
59.626381
60.052486
60.110607
60.198532
60.064030
58.961918
60.813194
60.339104
60.095070
60.031940
59.756790
60.031578
59.853004
59.941975
60.043831
59.978287
60.282726
59.763577
60.061138
60.042747
60.157249
58.926132
59.922581
59.911095
59.977570
59.911808
60.148571
59.630295
61.041119
60.450722
60.110962
60.049599
60.106995
59.870205
59.063602
59.851925
59.929405
59.976490
60.057175
59.809681
59.697926
60.280182
60.099045
59.934437
60.172455
59.884903
60.101212
59.929764
60.079544
60.024014
59.982964
59.998440
59.815052
60.163769
59.862675
60.137352
59.920067
60.521328
60.621494
60.101570
60.025093
60.078102
59.606831
59.928326
59.354931
59.873428
59.895660
61.053417
60.116024
59.906425
59.990879
59.773220
60.040585
60.036980
60.013920
59.712898
60.086044
60.026527
59.846191
59.982964
60.086765
60.283092
59.550392
59.768574
60.015362
